1
root
512
0
0
-1
-1
-1
5
-1
-1
-1
-1
-1
-1
-1
3
even_nos.xsm
182
0
-1
-1
-1
-1
69
-1
-1
-1
-1
-1
-1
-1
2
-1
256
1
1
-1
-1
-1
70
-1
-1
-1
-1
-1
-1
-1
3
odd_nos.xsm
182
0
-1
-1
-1
-1
71
-1
-1
-1
-1
-1
-1
-1
2
-1
256
1
1
-1
-1
-1
72
-1
-1
-1
-1
-1
-1
-1
2
-1
64
1
1
-1
-1
-1
77
-1
-1
-1
-1
-1
-1
-1
3
ll.xsm
770
0
-1
-1
-1
-1
74
75
-1
-1
-1
-1
-1
-1
3
pid.xsm
126
0
-1
-1
-1
-1
76
-1
-1
-1
-1
-1
-1
-1
2
-1
64
1
1
-1
-1
-1
94
-1
-1
-1
-1
-1
-1
-1
3
3Pros.xsm
1074
0
-1
-1
-1
-1
78
79
80
-1
-1
-1
-1
-1
3
parent.xsm
352
0
-1
-1
-1
-1
81
-1
-1
-1
-1
-1
-1
-1
3
child.xsm
328
0
-1
-1
-1
-1
82
-1
-1
-1
-1
-1
-1
-1
3
msortCon.xsm
1930
0
-1
-1
-1
-1
83
84
85
86
-1
-1
-1
-1
3
msortSeq.xsm
1150
0
-1
-1
-1
-1
87
88
89
-1
-1
-1
-1
-1
3
callfork.xsm
358
0
-1
-1
-1
-1
90
-1
-1
-1
-1
-1
-1
-1
3
cfile.xsm
202
0
-1
-1
-1
-1
91
-1
-1
-1
-1
-1
-1
-1
3
dfile.xsm
146
0
-1
-1
-1
-1
92
-1
-1
-1
-1
-1
-1
-1
3
rfile.xsm
336
0
-1
-1
-1
-1
93
-1
-1
-1
-1
-1
-1
-1
2
-1
64
1
1
-1
-1
-1
73
-1
-1
-1
-1
-1
-1
-1
3
cat.xsm
278
0
-1
-1
-1
-1
98
-1
-1
-1
-1
-1
-1
-1
3
forkread.xsm
514
0
-1
-1
-1
-1
99
100
-1
-1
-1
-1
-1
-1
3
ls.xsm
408
0
-1
-1
-1
-1
101
-1
-1
-1
-1
-1
-1
-1
3
rm.xsm
142
0
-1
-1
-1
-1
102
-1
-1
-1
-1
-1
-1
-1
2
sample.dat
18
1
1
-1
-1
-1
103
-1
-1
-1
-1
-1
-1
-1
3
s25a2.xsm
522
0
-1
-1
-1
-1
104
105
-1
-1
-1
-1
-1
-1
2
merge.dat
512
1
1
-1
-1
-1
106
-1
-1
-1
-1
-1
-1
-1
3
s25a1.xsm
566
0
-1
-1
-1
-1
109
110
-1
-1
-1
-1
-1
-1
3
s25a3.xsm
1254
0
-1
-1
-1
-1
107
108
111
-1
-1
-1
-1
-1
2
-1
64
1
1
-1
-1
-1
95
-1
-1
-1
-1
-1
-1
-1
3
s25a4.xsm
2046
0
-1
-1
-1
-1
115
116
117
118
-1
-1
-1
-1
2
-1
64
1
1
-1
-1
-1
97
-1
-1
-1
-1
-1
-1
-1
2
-1
64
1
1
-1
-1
-1
96
-1
-1
-1
-1
-1
-1
-1
2
-1
128
1
1
-1
-1
-1
113
-1
-1
-1
-1
-1
-1
-1
3
cp.xsm
490
0
-1
-1
-1
-1
126
-1
-1
-1
-1
-1
-1
-1
2
-1
128
1
1
-1
-1
-1
114
-1
-1
-1
-1
-1
-1
-1
3
lu.xsm
208
0
-1
-1
-1
-1
128
-1
-1
-1
-1
-1
-1
-1
2
-1
128
1
1
-1
-1
-1
112
-1
-1
-1
-1
-1
-1
-1
2
-1
128
1
1
-1
-1
-1
119
-1
-1
-1
-1
-1
-1
-1
2
-1
100
2
1
-1
-1
-1
123
-1
-1
-1
-1
-1
-1
-1
2
-1
100
2
1
-1
-1
-1
124
-1
-1
-1
-1
-1
-1
-1
3
ru.xsm
660
0
-1
-1
-1
-1
129
130
-1
-1
-1
-1
-1
-1
3
4_fork.xsm
212
0
-1
-1
-1
-1
137
-1
-1
-1
-1
-1
-1
-1
2
-1
100
2
1
-1
-1
-1
125
-1
-1
-1
-1
-1
-1
-1
2
-1
100
2
1
-1
-1
-1
127
-1
-1
-1
-1
-1
-1
-1
2
-1
100
2
1
-1
-1
-1
131
-1
-1
-1
-1
-1
-1
-1
3
merge.xsm
778
0
-1
-1
-1
-1
134
135
-1
-1
-1
-1
-1
-1
3
m_merge.xsm
1768
0
-1
-1
-1
-1
136
138
139
140
-1
-1
-1
-1
3
m_sort.xsm
1866
0
-1
-1
-1
-1
141
142
143
144
-1
-1
-1
-1
3
m_store.xsm
1456
0
-1
-1
-1
-1
145
146
147
-1
-1
-1
-1
-1
3
16Pro.xsm
216
0
-1
-1
-1
-1
158
-1
-1
-1
-1
-1
-1
-1
3
s27a2.xsm
370
0
-1
-1
-1
-1
159
-1
-1
-1
-1
-1
-1
-1
3
s27a3.xsm
538
0
-1
-1
-1
-1
160
161
-1
-1
-1
-1
-1
-1
3
s27a4.xsm
546
0
-1
-1
-1
-1
162
163
-1
-1
-1
-1
-1
-1
3
pgm1.xsm
924
0
-1
-1
-1
-1
164
165
-1
-1
-1
-1
-1
-1
3
pgm2.xsm
558
0
-1
-1
-1
-1
166
167
-1
-1
-1
-1
-1
-1
2
-1
100
2
1
-1
-1
-1
148
-1
-1
-1
-1
-1
-1
-1
2
-1
4
1
1
-1
-1
-1
171
-1
-1
-1
-1
-1
-1
-1
2
-1
4
1
1
-1
-1
-1
172
-1
-1
-1
-1
-1
-1
-1
2
-1
3
1
1
-1
-1
-1
173
-1
-1
-1
-1
-1
-1
-1
2
-1
4
1
1
-1
-1
-1
174
-1
-1
-1
-1
-1
-1
-1
kernel
-1
root
452
gokul
546
new1
379
jess
437
-1
-1
-1
-1
-1
-1
-1
-1
-1
-1
-1
-1
-1
-1
-1
-1
-1
-1
-1
-1
-1
-1
-1
-1
-1
-1
-1
-1
-1
-1
-1
-1
-1
-1
-1
-1
-1
-1
-1
-1
-1
-1
-1
-1
-1
-1
-1
-1
-1
-1
-1
-1
-1
-1
