root
512
1
-1
-1
-1
-1
-1
even.xsm
182
3
-1
-1
-1
-1
-1
odd.xsm
182
3
-1
-1
-1
-1
-1
prime.xsm
294
3
-1
-1
-1
-1
-1
llist.xsm
734
3
-1
-1
-1
-1
-1
pid.xsm
126
3
-1
-1
-1
-1
-1
3fork.xsm
26
3
-1
-1
-1
-1
-1
test4rw.xsm
954
3
-1
-1
-1
-1
-1
parent.xsm
280
3
-1
-1
-1
-1
-1
child.xsm
328
3
-1
-1
-1
-1
-1
merge1.xsm
1150
3
-1
-1
-1
-1
-1
merge2.xsm
1930
3
-1
-1
-1
-1
-1
cfile.xsm
254
3
-1
-1
-1
-1
-1
dfile.xsm
146
3
-1
-1
-1
-1
-1
sample.dat
18
2
-1
-1
-1
-1
-1
numbers.dat
2047
2
-1
-1
-1
-1
-1
rfile.xsm
336
3
-1
-1
-1
-1
-1
fshare.xsm
514
3
-1
-1
-1
-1
-1
a.dat
1614
2
-1
1
-1
-1
-1
st25_a1.xsm
566
3
root
1
-1
-1
-1
ls.xsm
372
3
-1
-1
-1
-1
-1
rm.xsm
142
3
-1
-1
-1
-1
-1
cp.xsm
490
3
-1
-1
-1
-1
-1
cat.xsm
278
3
-1
-1
-1
-1
-1
st25_a2.xsm
512
3
-1
1
-1
-1
-1
b.dat
1614
2
-1
1
-1
-1
-1
e.dat
1614
2
-1
1
-1
-1
-1
f.dat
1614
2
-1
1
-1
-1
-1
st25_a3.xsm
1254
3
-1
1
-1
-1
-1
j.dat
18
2
-1
1
-1
-1
-1
st25_a4.xsm
2046
3
-1
-1
-1
-1
-1
lu.xsm
226
3
-1
-1
-1
-1
-1
ru.xsm
256
3
-1
-1
-1
-1
-1
z
0
2
root
1
-1
-1
-1
x
0
2
root
1
-1
-1
-1
t
0
2
jess
1
-1
-1
-1
weerty
0
2
jess
1
-1
-1
-1
-1
0
-1
-1
-1
-1
-1
-1
-1
0
-1
-1
-1
-1
-1
-1
-1
0
-1
-1
-1
-1
-1
-1
-1
0
-1
-1
-1
-1
-1
-1
-1
0
-1
-1
-1
-1
-1
-1
-1
0
-1
-1
-1
-1
-1
-1
-1
0
-1
-1
-1
-1
-1
-1
-1
0
-1
-1
-1
-1
-1
-1
-1
0
-1
-1
-1
-1
-1
-1
-1
0
-1
-1
-1
-1
-1
-1
-1
0
-1
-1
-1
-1
-1
-1
-1
0
-1
-1
-1
-1
-1
-1
-1
0
-1
-1
-1
-1
-1
-1
-1
0
-1
-1
-1
-1
-1
-1
-1
0
-1
-1
-1
-1
-1
-1
-1
0
-1
-1
-1
-1
-1
-1
-1
0
-1
-1
-1
-1
-1
-1
-1
0
-1
-1
-1
-1
-1
-1
-1
0
-1
-1
-1
-1
-1
-1
-1
0
-1
-1
-1
-1
-1
-1
-1
0
-1
-1
-1
-1
-1
-1
-1
0
-1
-1
-1
-1
-1
-1
-1
0
-1
-1
-1
-1
-1
-1
-1
0
-1
-1
-1
-1
-1
-1
-1
0
-1
-1
-1
-1
-1
-1
-1
0
-1
-1
-1
-1
-1
-1
-1
0
-1
-1
-1
-1
-1
0
